a 1 1 41.00
b 1 2 85.00
c 1 3 72.00
d 2 1 38.00
e 2 2 80.00
f 2 3 69.00
g 3 1 65.00
h 3 2 68.00
i 3 3 96.00
j 4 1 22.00
k 4 2 49.00
l 4 3 67.00
m 5 1 51.00
o 5 2 61.00
p 5 3 63.00
q 6 1 87.00
r 6 2 66.00
s 6 3 24.00
t 7 1 80.00
u 7 2 83.00
v 7 3 71.00
w 8 1 60.00
x 8 2 64.00
y 8 3 52.00
z 9 1 90.00
ac 9 2 60.00
ad 9 3 49.00
ae 10 1 31.00
af 10 2 23.00
ah 10 3 99.00
ai 11 1 94.00
aj 11 2 11.00
ak 11 3 25.00
al 12 1 24.00
am 12 2 51.00
an 12 3 15.00
ao 13 1 13.00
ap 13 2 39.00
aq 13 3 67.00
ar 14 1 97.00
as 14 2 19.00
at 14 3 76.00
au 15 1 12.00
av 15 2 33.00
aw 15 3 99.00
ax 16 1 18.00
ay 16 2 92.00
az 16 3 35.00
bc 17 1 74.00
bd 17 2 0.00
be 17 3 95.00
bf 18 1 71.00
bg 18 2 39.00
bh 18 3 33.00
bi 19 1 39.00
bj 19 2 32.00
bk 19 3 37.00
bl 20 1 45.00
bm 20 2 57.00
bn 20 3 71.00
bo 21 1 95.00
bp 21 2 5.00
bq 21 3 71.00
br 22 1 24.00
bs 22 2 86.00
bt 22 3 8.00
bu 23 1 51.00
bv 23 2 54.00
bw 23 3 74.00
bx 24 1 24.00
by 24 2 75.00
bz 24 3 70.00
cd 25 1 33.00
ce 25 2 63.00
cf 25 3 29.00
cg 26 1 99.00
ch 26 2 58.00
ci 26 3 94.00
cj 27 1 52.00
ck 27 2 13.00
cl 27 3 35.00
cm 28 1 99.00
cn 28 2 46.00
co 28 3 57.00
cp 29 1 71.00
cq 29 2 23.00
cr 29 3 17.00

